,views,impressions,ctr_pct,avg_view_pct,watch_hours,revenue_jpy,rpm_jpy,length_sec
views,1.0,0.95,-0.19,-0.16,0.97,0.94,0.02,0.21
impressions,0.95,1.0,-0.24,-0.18,0.91,0.86,0.01,0.22
ctr_pct,-0.19,-0.24,1.0,0.67,-0.22,-0.21,-0.08,-0.57
avg_view_pct,-0.16,-0.18,0.67,1.0,-0.23,-0.22,-0.27,-0.75
watch_hours,0.97,0.91,-0.22,-0.23,1.0,0.99,0.15,0.35
revenue_jpy,0.94,0.86,-0.21,-0.22,0.99,1.0,0.2,0.37
rpm_jpy,0.02,0.01,-0.08,-0.27,0.15,0.2,1.0,0.7
length_sec,0.21,0.22,-0.57,-0.75,0.35,0.37,0.7,1.0
